5.46202e+06 5.46251e+06 5.46605e+06 5.46958e+06 5.47008e+06 5.47058e+06 5.47411e+06 5.47765e+06 5.47814e+06 5.47864e+06 5.48218e+06 5.48571e+06 5.48621e+06 5.4867e+06 5.49024e+06 5.49378e+06 5.49427e+06 5.49477e+06 5.4983e+06 5.50184e+06 5.50234e+06 5.50283e+06 5.50637e+06 5.5099e+06 5.5104e+06 5.5109e+06 5.51443e+06 5.51797e+06 5.51846e+06 5.51896e+06 5.5225e+06 5.52603e+06 5.52653e+06 5.52702e+06 5.53056e+06 5.5341e+06 5.53459e+06 5.53509e+06 5.53862e+06 5.54216e+06 5.54266e+06 5.54315e+06 5.54669e+06 5.55022e+06 5.55072e+06 5.55122e+06 5.55475e+06 5.55829e+06 5.55878e+06 5.55928e+06 5.56282e+06 5.56635e+06 5.56685e+06 5.56734e+06 5.57088e+06 5.57442e+06 5.57491e+06 5.57541e+06 5.57894e+06 5.58248e+06 5.58298e+06 5.58347e+06 5.58701e+06 5.59054e+06 
1.37196e+07 1.37221e+07 1.37318e+07 1.37415e+07 1.3744e+07 1.37465e+07 1.37562e+07 1.37659e+07 1.37684e+07 1.3771e+07 1.37807e+07 1.37904e+07 1.37929e+07 1.37954e+07 1.38051e+07 1.38148e+07 1.38173e+07 1.38199e+07 1.38296e+07 1.38392e+07 1.38418e+07 1.38443e+07 1.3854e+07 1.38637e+07 1.38662e+07 1.38688e+07 1.38785e+07 1.38881e+07 1.38907e+07 1.38932e+07 1.39029e+07 1.39126e+07 1.39151e+07 1.39177e+07 1.39274e+07 1.3937e+07 1.39396e+07 1.39421e+07 1.39518e+07 1.39615e+07 1.3964e+07 1.39666e+07 1.39763e+07 1.39859e+07 1.39885e+07 1.3991e+07 1.40007e+07 1.40104e+07 1.40129e+07 1.40155e+07 1.40252e+07 1.40348e+07 1.40374e+07 1.40399e+07 1.40496e+07 1.40593e+07 1.40618e+07 1.40644e+07 1.4074e+07 1.40837e+07 1.40863e+07 1.40888e+07 1.40985e+07 1.41082e+07 
2.19771e+07 2.19817e+07 2.19975e+07 2.20133e+07 2.20179e+07 2.20225e+07 2.20383e+07 2.20542e+07 2.20588e+07 2.20633e+07 2.20792e+07 2.2095e+07 2.20996e+07 2.21042e+07 2.212e+07 2.21358e+07 2.21404e+07 2.2145e+07 2.21608e+07 2.21767e+07 2.21812e+07 2.21858e+07 2.22017e+07 2.22175e+07 2.22221e+07 2.22267e+07 2.22425e+07 2.22583e+07 2.22629e+07 2.22675e+07 2.22833e+07 2.22992e+07 2.23037e+07 2.23083e+07 2.23242e+07 2.234e+07 2.23446e+07 2.23492e+07 2.2365e+07 2.23808e+07 2.23854e+07 2.239e+07 2.24058e+07 2.24216e+07 2.24262e+07 2.24308e+07 2.24467e+07 2.24625e+07 2.24671e+07 2.24717e+07 2.24875e+07 2.25033e+07 2.25079e+07 2.25125e+07 2.25283e+07 2.25441e+07 2.25487e+07 2.25533e+07 2.25692e+07 2.2585e+07 2.25896e+07 2.25942e+07 2.261e+07 2.26258e+07 
3.02346e+07 3.02413e+07 3.02632e+07 3.02852e+07 3.02918e+07 3.02985e+07 3.03204e+07 3.03424e+07 3.03491e+07 3.03557e+07 3.03777e+07 3.03996e+07 3.04063e+07 3.04129e+07 3.04349e+07 3.04568e+07 3.04635e+07 3.04701e+07 3.04921e+07 3.05141e+07 3.05207e+07 3.05273e+07 3.05493e+07 3.05713e+07 3.05779e+07 3.05846e+07 3.06065e+07 3.06285e+07 3.06351e+07 3.06418e+07 3.06637e+07 3.06857e+07 3.06924e+07 3.0699e+07 3.0721e+07 3.07429e+07 3.07496e+07 3.07562e+07 3.07782e+07 3.08001e+07 3.08068e+07 3.08134e+07 3.08354e+07 3.08574e+07 3.0864e+07 3.08706e+07 3.08926e+07 3.09146e+07 3.09212e+07 3.09279e+07 3.09498e+07 3.09718e+07 3.09784e+07 3.09851e+07 3.1007e+07 3.1029e+07 3.10356e+07 3.10423e+07 3.10643e+07 3.10862e+07 3.10929e+07 3.10995e+07 3.11215e+07 3.11434e+07 
3.84922e+07 3.85008e+07 3.8529e+07 3.85571e+07 3.85658e+07 3.85744e+07 3.86026e+07 3.86307e+07 3.86394e+07 3.8648e+07 3.86762e+07 3.87043e+07 3.8713e+07 3.87216e+07 3.87498e+07 3.87779e+07 3.87866e+07 3.87952e+07 3.88234e+07 3.88515e+07 3.88602e+07 3.88688e+07 3.8897e+07 3.89251e+07 3.89338e+07 3.89424e+07 3.89706e+07 3.89987e+07 3.90074e+07 3.9016e+07 3.90442e+07 3.90723e+07 3.9081e+07 3.90896e+07 3.91178e+07 3.91459e+07 3.91546e+07 3.91632e+07 3.91914e+07 3.92195e+07 3.92282e+07 3.92368e+07 3.9265e+07 3.92931e+07 3.93018e+07 3.93104e+07 3.93386e+07 3.93667e+07 3.93754e+07 3.9384e+07 3.94122e+07 3.94403e+07 3.9449e+07 3.94576e+07 3.94858e+07 3.95139e+07 3.95226e+07 3.95312e+07 3.95594e+07 3.95875e+07 3.95962e+07 3.96048e+07 3.9633e+07 3.96611e+07 
4.67497e+07 4.67604e+07 4.67947e+07 4.68289e+07 4.68397e+07 4.68504e+07 4.68847e+07 4.69189e+07 4.69297e+07 4.69404e+07 4.69747e+07 4.70089e+07 4.70196e+07 4.70304e+07 4.70646e+07 4.70989e+07 4.71096e+07 4.71204e+07 4.71546e+07 4.71889e+07 4.71996e+07 4.72104e+07 4.72446e+07 4.72789e+07 4.72896e+07 4.73003e+07 4.73346e+07 4.73688e+07 4.73796e+07 4.73903e+07 4.74246e+07 4.74588e+07 4.74696e+07 4.74803e+07 4.75146e+07 4.75488e+07 4.75596e+07 4.75703e+07 4.76045e+07 4.76388e+07 4.76495e+07 4.76603e+07 4.76945e+07 4.77288e+07 4.77395e+07 4.77503e+07 4.77845e+07 4.78188e+07 4.78295e+07 4.78402e+07 4.78745e+07 4.79088e+07 4.79195e+07 4.79302e+07 4.79645e+07 4.79987e+07 4.80095e+07 4.80202e+07 4.80545e+07 4.80887e+07 4.80995e+07 4.81102e+07 4.81444e+07 4.81787e+07 
5.50072e+07 5.502e+07 5.50604e+07 5.51008e+07 5.51136e+07 5.51264e+07 5.51668e+07 5.52072e+07 5.522e+07 5.52328e+07 5.52732e+07 5.53136e+07 5.53263e+07 5.53391e+07 5.53795e+07 5.54199e+07 5.54327e+07 5.54455e+07 5.54859e+07 5.55263e+07 5.55391e+07 5.55519e+07 5.55923e+07 5.56327e+07 5.56454e+07 5.56582e+07 5.56986e+07 5.5739e+07 5.57518e+07 5.57646e+07 5.5805e+07 5.58454e+07 5.58582e+07 5.5871e+07 5.59114e+07 5.59518e+07 5.59645e+07 5.59773e+07 5.60177e+07 5.60581e+07 5.60709e+07 5.60837e+07 5.61241e+07 5.61645e+07 5.61773e+07 5.61901e+07 5.62305e+07 5.62709e+07 5.62836e+07 5.62964e+07 5.63368e+07 5.63772e+07 5.639e+07 5.64028e+07 5.64432e+07 5.64836e+07 5.64964e+07 5.65092e+07 5.65496e+07 5.659e+07 5.66028e+07 5.66155e+07 5.66559e+07 5.66963e+07 
6.32648e+07 6.32796e+07 6.33261e+07 6.33727e+07 6.33875e+07 6.34024e+07 6.34489e+07 6.34954e+07 6.35103e+07 6.35251e+07 6.35716e+07 6.36182e+07 6.3633e+07 6.36479e+07 6.36944e+07 6.37409e+07 6.37558e+07 6.37706e+07 6.38172e+07 6.38637e+07 6.38785e+07 6.38934e+07 6.39399e+07 6.39864e+07 6.40013e+07 6.40161e+07 6.40627e+07 6.41092e+07 6.4124e+07 6.41389e+07 6.41854e+07 6.4232e+07 6.42468e+07 6.42616e+07 6.43082e+07 6.43547e+07 6.43695e+07 6.43844e+07 6.44309e+07 6.44775e+07 6.44923e+07 6.45071e+07 6.45537e+07 6.46002e+07 6.4615e+07 6.46299e+07 6.46764e+07 6.4723e+07 6.47378e+07 6.47526e+07 6.47992e+07 6.48457e+07 6.48605e+07 6.48754e+07 6.49219e+07 6.49685e+07 6.49833e+07 6.49981e+07 6.50447e+07 6.50912e+07 6.5106e+07 6.51209e+07 6.51674e+07 6.5214e+07 
7.15223e+07 7.15392e+07 7.15919e+07 7.16446e+07 7.16614e+07 7.16783e+07 7.1731e+07 7.17837e+07 7.18006e+07 7.18175e+07 7.18701e+07 7.19228e+07 7.19397e+07 7.19566e+07 7.20093e+07 7.2062e+07 7.20788e+07 7.20957e+07 7.21484e+07 7.22011e+07 7.2218e+07 7.22349e+07 7.22876e+07 7.23402e+07 7.23571e+07 7.2374e+07 7.24267e+07 7.24794e+07 7.24963e+07 7.25131e+07 7.25658e+07 7.26185e+07 7.26354e+07 7.26523e+07 7.2705e+07 7.27576e+07 7.27745e+07 7.27914e+07 7.28441e+07 7.28968e+07 7.29137e+07 7.29305e+07 7.29832e+07 7.30359e+07 7.30528e+07 7.30697e+07 7.31224e+07 7.31751e+07 7.31919e+07 7.32088e+07 7.32615e+07 7.33142e+07 7.33311e+07 7.3348e+07 7.34006e+07 7.34533e+07 7.34702e+07 7.34871e+07 7.35398e+07 7.35925e+07 7.36093e+07 7.36262e+07 7.36789e+07 7.37316e+07 
7.97798e+07 7.97988e+07 7.98576e+07 7.99164e+07 7.99354e+07 7.99543e+07 8.00131e+07 8.0072e+07 8.00909e+07 8.01098e+07 8.01686e+07 8.02275e+07 8.02464e+07 8.02653e+07 8.03242e+07 8.0383e+07 8.04019e+07 8.04208e+07 8.04797e+07 8.05385e+07 8.05574e+07 8.05764e+07 8.06352e+07 8.0694e+07 8.0713e+07 8.07319e+07 8.07907e+07 8.08496e+07 8.08685e+07 8.08874e+07 8.09462e+07 8.10051e+07 8.1024e+07 8.10429e+07 8.11018e+07 8.11606e+07 8.11795e+07 8.11984e+07 8.12573e+07 8.13161e+07 8.1335e+07 8.1354e+07 8.14128e+07 8.14716e+07 8.14906e+07 8.15095e+07 8.15683e+07 8.16272e+07 8.16461e+07 8.1665e+07 8.17238e+07 8.17827e+07 8.18016e+07 8.18205e+07 8.18794e+07 8.19382e+07 8.19571e+07 8.1976e+07 8.20349e+07 8.20937e+07 8.21126e+07 8.21316e+07 8.21904e+07 8.22492e+07 
8.80374e+07 8.80584e+07 8.81233e+07 8.81883e+07 8.82093e+07 8.82303e+07 8.82952e+07 8.83602e+07 8.83812e+07 8.84022e+07 8.84671e+07 8.85321e+07 8.85531e+07 8.85741e+07 8.8639e+07 8.8704e+07 8.8725e+07 8.8746e+07 8.88109e+07 8.88759e+07 8.88969e+07 8.89179e+07 8.89828e+07 8.90478e+07 8.90688e+07 8.90898e+07 8.91547e+07 8.92197e+07 8.92407e+07 8.92617e+07 8.93266e+07 8.93916e+07 8.94126e+07 8.94336e+07 8.94986e+07 8.95635e+07 8.95845e+07 8.96055e+07 8.96705e+07 8.97354e+07 8.97564e+07 8.97774e+07 8.98424e+07 8.99073e+07 8.99283e+07 8.99493e+07 9.00143e+07 9.00792e+07 9.01002e+07 9.01212e+07 9.01862e+07 9.02512e+07 9.02721e+07 9.02931e+07 9.03581e+07 9.04231e+07 9.0444e+07 9.0465e+07 9.053e+07 9.0595e+07 9.06159e+07 9.06369e+07 9.07019e+07 9.07669e+07 
9.62949e+07 9.63179e+07 9.6389e+07 9.64602e+07 9.64832e+07 9.65062e+07 9.65773e+07 9.66485e+07 9.66715e+07 9.66945e+07 9.67656e+07 9.68368e+07 9.68598e+07 9.68828e+07 9.69539e+07 9.7025e+07 9.70481e+07 9.70711e+07 9.71422e+07 9.72133e+07 9.72364e+07 9.72594e+07 9.73305e+07 9.74016e+07 9.74246e+07 9.74477e+07 9.75188e+07 9.75899e+07 9.76129e+07 9.7636e+07 9.77071e+07 9.77782e+07 9.78012e+07 9.78242e+07 9.78954e+07 9.79665e+07 9.79895e+07 9.80125e+07 9.80836e+07 9.81548e+07 9.81778e+07 9.82008e+07 9.82719e+07 9.83431e+07 9.83661e+07 9.83891e+07 9.84602e+07 9.85313e+07 9.85544e+07 9.85774e+07 9.86485e+07 9.87196e+07 9.87427e+07 9.87657e+07 9.88368e+07 9.89079e+07 9.89309e+07 9.8954e+07 9.90251e+07 9.90962e+07 9.91192e+07 9.91423e+07 9.92134e+07 9.92845e+07 
1.04552e+08 1.04578e+08 1.04655e+08 1.04732e+08 1.04757e+08 1.04782e+08 1.04859e+08 1.04937e+08 1.04962e+08 1.04987e+08 1.05064e+08 1.05141e+08 1.05166e+08 1.05192e+08 1.05269e+08 1.05346e+08 1.05371e+08 1.05396e+08 1.05473e+08 1.05551e+08 1.05576e+08 1.05601e+08 1.05678e+08 1.05755e+08 1.0578e+08 1.05806e+08 1.05883e+08 1.0596e+08 1.05985e+08 1.0601e+08 1.06087e+08 1.06165e+08 1.0619e+08 1.06215e+08 1.06292e+08 1.06369e+08 1.06394e+08 1.0642e+08 1.06497e+08 1.06574e+08 1.06599e+08 1.06624e+08 1.06701e+08 1.06779e+08 1.06804e+08 1.06829e+08 1.06906e+08 1.06983e+08 1.07009e+08 1.07034e+08 1.07111e+08 1.07188e+08 1.07213e+08 1.07238e+08 1.07316e+08 1.07393e+08 1.07418e+08 1.07443e+08 1.0752e+08 1.07597e+08 1.07623e+08 1.07648e+08 1.07725e+08 1.07802e+08 
1.1281e+08 1.12837e+08 1.12921e+08 1.13004e+08 1.13031e+08 1.13058e+08 1.13142e+08 1.13225e+08 1.13252e+08 1.13279e+08 1.13363e+08 1.13446e+08 1.13473e+08 1.135e+08 1.13584e+08 1.13667e+08 1.13694e+08 1.13721e+08 1.13805e+08 1.13888e+08 1.13915e+08 1.13942e+08 1.14026e+08 1.14109e+08 1.14136e+08 1.14163e+08 1.14247e+08 1.1433e+08 1.14357e+08 1.14384e+08 1.14468e+08 1.14551e+08 1.14578e+08 1.14606e+08 1.14689e+08 1.14772e+08 1.14799e+08 1.14827e+08 1.1491e+08 1.14993e+08 1.15021e+08 1.15048e+08 1.15131e+08 1.15214e+08 1.15242e+08 1.15269e+08 1.15352e+08 1.15436e+08 1.15463e+08 1.1549e+08 1.15573e+08 1.15657e+08 1.15684e+08 1.15711e+08 1.15794e+08 1.15878e+08 1.15905e+08 1.15932e+08 1.16015e+08 1.16099e+08 1.16126e+08 1.16153e+08 1.16236e+08 1.1632e+08 
1.21068e+08 1.21097e+08 1.21186e+08 1.21276e+08 1.21305e+08 1.21334e+08 1.21424e+08 1.21513e+08 1.21542e+08 1.21572e+08 1.21661e+08 1.21751e+08 1.2178e+08 1.21809e+08 1.21899e+08 1.21988e+08 1.22017e+08 1.22046e+08 1.22136e+08 1.22226e+08 1.22255e+08 1.22284e+08 1.22373e+08 1.22463e+08 1.22492e+08 1.22521e+08 1.22611e+08 1.227e+08 1.2273e+08 1.22759e+08 1.22848e+08 1.22938e+08 1.22967e+08 1.22996e+08 1.23086e+08 1.23175e+08 1.23204e+08 1.23234e+08 1.23323e+08 1.23413e+08 1.23442e+08 1.23471e+08 1.23561e+08 1.2365e+08 1.23679e+08 1.23709e+08 1.23798e+08 1.23888e+08 1.23917e+08 1.23946e+08 1.24036e+08 1.24125e+08 1.24154e+08 1.24183e+08 1.24273e+08 1.24363e+08 1.24392e+08 1.24421e+08 1.2451e+08 1.246e+08 1.24629e+08 1.24658e+08 1.24748e+08 1.24837e+08 
1.29325e+08 1.29356e+08 1.29452e+08 1.29548e+08 1.29579e+08 1.2961e+08 1.29706e+08 1.29801e+08 1.29833e+08 1.29864e+08 1.2996e+08 1.30055e+08 1.30087e+08 1.30118e+08 1.30213e+08 1.30309e+08 1.3034e+08 1.30372e+08 1.30467e+08 1.30563e+08 1.30594e+08 1.30625e+08 1.30721e+08 1.30817e+08 1.30848e+08 1.30879e+08 1.30975e+08 1.31071e+08 1.31102e+08 1.31133e+08 1.31229e+08 1.31324e+08 1.31356e+08 1.31387e+08 1.31483e+08 1.31578e+08 1.31609e+08 1.31641e+08 1.31736e+08 1.31832e+08 1.31863e+08 1.31895e+08 1.3199e+08 1.32086e+08 1.32117e+08 1.32148e+08 1.32244e+08 1.3234e+08 1.32371e+08 1.32402e+08 1.32498e+08 1.32594e+08 1.32625e+08 1.32656e+08 1.32752e+08 1.32847e+08 1.32879e+08 1.3291e+08 1.33005e+08 1.33101e+08 1.33132e+08 1.33164e+08 1.33259e+08 1.33355e+08 
1.37583e+08 1.37616e+08 1.37718e+08 1.3782e+08 1.37853e+08 1.37886e+08 1.37988e+08 1.3809e+08 1.38123e+08 1.38156e+08 1.38258e+08 1.3836e+08 1.38393e+08 1.38426e+08 1.38528e+08 1.3863e+08 1.38663e+08 1.38697e+08 1.38799e+08 1.389e+08 1.38934e+08 1.38967e+08 1.39069e+08 1.39171e+08 1.39204e+08 1.39237e+08 1.39339e+08 1.39441e+08 1.39474e+08 1.39507e+08 1.39609e+08 1.39711e+08 1.39744e+08 1.39778e+08 1.39879e+08 1.39981e+08 1.40014e+08 1.40048e+08 1.4015e+08 1.40251e+08 1.40285e+08 1.40318e+08 1.4042e+08 1.40522e+08 1.40555e+08 1.40588e+08 1.4069e+08 1.40792e+08 1.40825e+08 1.40858e+08 1.4096e+08 1.41062e+08 1.41095e+08 1.41129e+08 1.4123e+08 1.41332e+08 1.41366e+08 1.41399e+08 1.41501e+08 1.41602e+08 1.41636e+08 1.41669e+08 1.41771e+08 1.41873e+08 
1.4584e+08 1.45875e+08 1.45983e+08 1.46091e+08 1.46127e+08 1.46162e+08 1.4627e+08 1.46378e+08 1.46413e+08 1.46449e+08 1.46557e+08 1.46665e+08 1.467e+08 1.46735e+08 1.46843e+08 1.46951e+08 1.46986e+08 1.47022e+08 1.4713e+08 1.47238e+08 1.47273e+08 1.47308e+08 1.47416e+08 1.47524e+08 1.4756e+08 1.47595e+08 1.47703e+08 1.47811e+08 1.47846e+08 1.47882e+08 1.4799e+08 1.48098e+08 1.48133e+08 1.48168e+08 1.48276e+08 1.48384e+08 1.48419e+08 1.48455e+08 1.48563e+08 1.48671e+08 1.48706e+08 1.48741e+08 1.48849e+08 1.48957e+08 1.48993e+08 1.49028e+08 1.49136e+08 1.49244e+08 1.49279e+08 1.49315e+08 1.49423e+08 1.49531e+08 1.49566e+08 1.49601e+08 1.49709e+08 1.49817e+08 1.49852e+08 1.49888e+08 1.49996e+08 1.50104e+08 1.50139e+08 1.50174e+08 1.50282e+08 1.5039e+08 
1.54098e+08 1.54135e+08 1.54249e+08 1.54363e+08 1.54401e+08 1.54438e+08 1.54552e+08 1.54666e+08 1.54704e+08 1.54741e+08 1.54855e+08 1.54969e+08 1.55007e+08 1.55044e+08 1.55158e+08 1.55272e+08 1.5531e+08 1.55347e+08 1.55461e+08 1.55575e+08 1.55613e+08 1.5565e+08 1.55764e+08 1.55878e+08 1.55916e+08 1.55953e+08 1.56067e+08 1.56181e+08 1.56218e+08 1.56256e+08 1.5637e+08 1.56484e+08 1.56521e+08 1.56559e+08 1.56673e+08 1.56787e+08 1.56824e+08 1.56862e+08 1.56976e+08 1.5709e+08 1.57127e+08 1.57165e+08 1.57279e+08 1.57393e+08 1.5743e+08 1.57468e+08 1.57582e+08 1.57696e+08 1.57733e+08 1.57771e+08 1.57885e+08 1.57999e+08 1.58036e+08 1.58074e+08 1.58188e+08 1.58302e+08 1.58339e+08 1.58377e+08 1.58491e+08 1.58605e+08 1.58642e+08 1.5868e+08 1.58794e+08 1.58908e+08 
1.62355e+08 1.62395e+08 1.62515e+08 1.62635e+08 1.62675e+08 1.62714e+08 1.62834e+08 1.62955e+08 1.62994e+08 1.63033e+08 1.63154e+08 1.63274e+08 1.63313e+08 1.63353e+08 1.63473e+08 1.63593e+08 1.63633e+08 1.63672e+08 1.63792e+08 1.63913e+08 1.63952e+08 1.63991e+08 1.64112e+08 1.64232e+08 1.64271e+08 1.64311e+08 1.64431e+08 1.64551e+08 1.64591e+08 1.6463e+08 1.6475e+08 1.64871e+08 1.6491e+08 1.64949e+08 1.6507e+08 1.6519e+08 1.65229e+08 1.65269e+08 1.65389e+08 1.65509e+08 1.65549e+08 1.65588e+08 1.65708e+08 1.65829e+08 1.65868e+08 1.65908e+08 1.66028e+08 1.66148e+08 1.66188e+08 1.66227e+08 1.66347e+08 1.66467e+08 1.66507e+08 1.66546e+08 1.66667e+08 1.66787e+08 1.66826e+08 1.66866e+08 1.66986e+08 1.67106e+08 1.67146e+08 1.67185e+08 1.67305e+08 1.67426e+08 
1.70613e+08 1.70654e+08 1.70781e+08 1.70907e+08 1.70948e+08 1.7099e+08 1.71116e+08 1.71243e+08 1.71284e+08 1.71326e+08 1.71452e+08 1.71579e+08 1.7162e+08 1.71661e+08 1.71788e+08 1.71914e+08 1.71956e+08 1.71997e+08 1.72124e+08 1.7225e+08 1.72291e+08 1.72333e+08 1.72459e+08 1.72586e+08 1.72627e+08 1.72669e+08 1.72795e+08 1.72921e+08 1.72963e+08 1.73004e+08 1.73131e+08 1.73257e+08 1.73299e+08 1.7334e+08 1.73467e+08 1.73593e+08 1.73634e+08 1.73676e+08 1.73802e+08 1.73929e+08 1.7397e+08 1.74012e+08 1.74138e+08 1.74264e+08 1.74306e+08 1.74347e+08 1.74474e+08 1.746e+08 1.74642e+08 1.74683e+08 1.7481e+08 1.74936e+08 1.74977e+08 1.75019e+08 1.75145e+08 1.75272e+08 1.75313e+08 1.75355e+08 1.75481e+08 1.75607e+08 1.75649e+08 1.7569e+08 1.75817e+08 1.75943e+08 
1.7887e+08 1.78914e+08 1.79046e+08 1.79179e+08 1.79222e+08 1.79266e+08 1.79398e+08 1.79531e+08 1.79575e+08 1.79618e+08 1.79751e+08 1.79883e+08 1.79927e+08 1.7997e+08 1.80103e+08 1.80235e+08 1.80279e+08 1.80322e+08 1.80455e+08 1.80587e+08 1.80631e+08 1.80674e+08 1.80807e+08 1.8094e+08 1.80983e+08 1.81027e+08 1.81159e+08 1.81292e+08 1.81335e+08 1.81379e+08 1.81511e+08 1.81644e+08 1.81687e+08 1.81731e+08 1.81863e+08 1.81996e+08 1.82039e+08 1.82083e+08 1.82215e+08 1.82348e+08 1.82392e+08 1.82435e+08 1.82568e+08 1.827e+08 1.82744e+08 1.82787e+08 1.8292e+08 1.83052e+08 1.83096e+08 1.83139e+08 1.83272e+08 1.83404e+08 1.83448e+08 1.83491e+08 1.83624e+08 1.83757e+08 1.838e+08 1.83844e+08 1.83976e+08 1.84109e+08 1.84152e+08 1.84196e+08 1.84328e+08 1.84461e+08 
1.87128e+08 1.87173e+08 1.87312e+08 1.87451e+08 1.87496e+08 1.87542e+08 1.87681e+08 1.87819e+08 1.87865e+08 1.8791e+08 1.88049e+08 1.88188e+08 1.88233e+08 1.88279e+08 1.88418e+08 1.88556e+08 1.88602e+08 1.88647e+08 1.88786e+08 1.88925e+08 1.8897e+08 1.89016e+08 1.89155e+08 1.89293e+08 1.89339e+08 1.89384e+08 1.89523e+08 1.89662e+08 1.89707e+08 1.89753e+08 1.89892e+08 1.9003e+08 1.90076e+08 1.90121e+08 1.9026e+08 1.90399e+08 1.90444e+08 1.9049e+08 1.90629e+08 1.90767e+08 1.90813e+08 1.90858e+08 1.90997e+08 1.91136e+08 1.91181e+08 1.91227e+08 1.91366e+08 1.91504e+08 1.9155e+08 1.91596e+08 1.91734e+08 1.91873e+08 1.91918e+08 1.91964e+08 1.92103e+08 1.92241e+08 1.92287e+08 1.92333e+08 1.92471e+08 1.9261e+08 1.92655e+08 1.92701e+08 1.9284e+08 1.92978e+08 
1.95385e+08 1.95433e+08 1.95578e+08 1.95723e+08 1.9577e+08 1.95818e+08 1.95963e+08 1.96108e+08 1.96155e+08 1.96203e+08 1.96348e+08 1.96492e+08 1.9654e+08 1.96588e+08 1.96732e+08 1.96877e+08 1.96925e+08 1.96973e+08 1.97117e+08 1.97262e+08 1.9731e+08 1.97357e+08 1.97502e+08 1.97647e+08 1.97695e+08 1.97742e+08 1.97887e+08 1.98032e+08 1.9808e+08 1.98127e+08 1.98272e+08 1.98417e+08 1.98465e+08 1.98512e+08 1.98657e+08 1.98802e+08 1.98849e+08 1.98897e+08 1.99042e+08 1.99187e+08 1.99234e+08 1.99282e+08 1.99427e+08 1.99572e+08 1.99619e+08 1.99667e+08 1.99812e+08 1.99956e+08 2.00004e+08 2.00052e+08 2.00196e+08 2.00341e+08 2.00389e+08 2.00437e+08 2.00581e+08 2.00726e+08 2.00774e+08 2.00821e+08 2.00966e+08 2.01111e+08 2.01159e+08 2.01206e+08 2.01351e+08 2.01496e+08 
2.03643e+08 2.03693e+08 2.03843e+08 2.03994e+08 2.04044e+08 2.04094e+08 2.04245e+08 2.04396e+08 2.04445e+08 2.04495e+08 2.04646e+08 2.04797e+08 2.04847e+08 2.04896e+08 2.05047e+08 2.05198e+08 2.05248e+08 2.05298e+08 2.05449e+08 2.056e+08 2.05649e+08 2.05699e+08 2.0585e+08 2.06001e+08 2.06051e+08 2.061e+08 2.06251e+08 2.06402e+08 2.06452e+08 2.06501e+08 2.06652e+08 2.06803e+08 2.06853e+08 2.06903e+08 2.07054e+08 2.07205e+08 2.07254e+08 2.07304e+08 2.07455e+08 2.07606e+08 2.07656e+08 2.07705e+08 2.07856e+08 2.08007e+08 2.08057e+08 2.08107e+08 2.08258e+08 2.08409e+08 2.08458e+08 2.08508e+08 2.08659e+08 2.0881e+08 2.0886e+08 2.08909e+08 2.0906e+08 2.09211e+08 2.09261e+08 2.0931e+08 2.09461e+08 2.09612e+08 2.09662e+08 2.09712e+08 2.09863e+08 2.10014e+08 
2.119e+08 2.11952e+08 2.12109e+08 2.12266e+08 2.12318e+08 2.1237e+08 2.12527e+08 2.12684e+08 2.12736e+08 2.12787e+08 2.12945e+08 2.13102e+08 2.13153e+08 2.13205e+08 2.13362e+08 2.13519e+08 2.13571e+08 2.13623e+08 2.1378e+08 2.13937e+08 2.13989e+08 2.1404e+08 2.14198e+08 2.14355e+08 2.14406e+08 2.14458e+08 2.14615e+08 2.14772e+08 2.14824e+08 2.14876e+08 2.15033e+08 2.1519e+08 2.15242e+08 2.15293e+08 2.15451e+08 2.15608e+08 2.15659e+08 2.15711e+08 2.15868e+08 2.16025e+08 2.16077e+08 2.16129e+08 2.16286e+08 2.16443e+08 2.16495e+08 2.16546e+08 2.16704e+08 2.16861e+08 2.16912e+08 2.16964e+08 2.17121e+08 2.17278e+08 2.1733e+08 2.17382e+08 2.17539e+08 2.17696e+08 2.17748e+08 2.17799e+08 2.17956e+08 2.18114e+08 2.18165e+08 2.18217e+08 2.18374e+08 2.18531e+08 
2.20158e+08 2.20212e+08 2.20375e+08 2.20538e+08 2.20592e+08 2.20646e+08 2.20809e+08 2.20972e+08 2.21026e+08 2.2108e+08 2.21243e+08 2.21406e+08 2.2146e+08 2.21514e+08 2.21677e+08 2.2184e+08 2.21894e+08 2.21948e+08 2.22111e+08 2.22274e+08 2.22328e+08 2.22382e+08 2.22545e+08 2.22708e+08 2.22762e+08 2.22816e+08 2.22979e+08 2.23143e+08 2.23196e+08 2.2325e+08 2.23413e+08 2.23577e+08 2.2363e+08 2.23684e+08 2.23847e+08 2.24011e+08 2.24064e+08 2.24118e+08 2.24281e+08 2.24445e+08 2.24498e+08 2.24552e+08 2.24715e+08 2.24879e+08 2.24932e+08 2.24986e+08 2.25149e+08 2.25313e+08 2.25367e+08 2.2542e+08 2.25584e+08 2.25747e+08 2.25801e+08 2.25854e+08 2.26018e+08 2.26181e+08 2.26235e+08 2.26288e+08 2.26452e+08 2.26615e+08 2.26669e+08 2.26722e+08 2.26886e+08 2.27049e+08 
2.28415e+08 2.28471e+08 2.28641e+08 2.2881e+08 2.28866e+08 2.28922e+08 2.29091e+08 2.29261e+08 2.29316e+08 2.29372e+08 2.29542e+08 2.29711e+08 2.29767e+08 2.29823e+08 2.29992e+08 2.30161e+08 2.30217e+08 2.30273e+08 2.30442e+08 2.30612e+08 2.30668e+08 2.30723e+08 2.30893e+08 2.31062e+08 2.31118e+08 2.31174e+08 2.31343e+08 2.31513e+08 2.31568e+08 2.31624e+08 2.31794e+08 2.31963e+08 2.32019e+08 2.32075e+08 2.32244e+08 2.32414e+08 2.32469e+08 2.32525e+08 2.32695e+08 2.32864e+08 2.3292e+08 2.32976e+08 2.33145e+08 2.33314e+08 2.3337e+08 2.33426e+08 2.33595e+08 2.33765e+08 2.33821e+08 2.33876e+08 2.34046e+08 2.34215e+08 2.34271e+08 2.34327e+08 2.34496e+08 2.34666e+08 2.34722e+08 2.34777e+08 2.34947e+08 2.35116e+08 2.35172e+08 2.35228e+08 2.35397e+08 2.35567e+08 
2.36673e+08 2.36731e+08 2.36906e+08 2.37082e+08 2.3714e+08 2.37198e+08 2.37373e+08 2.37549e+08 2.37607e+08 2.37664e+08 2.3784e+08 2.38016e+08 2.38073e+08 2.38131e+08 2.38307e+08 2.38482e+08 2.3854e+08 2.38598e+08 2.38774e+08 2.38949e+08 2.39007e+08 2.39065e+08 2.3924e+08 2.39416e+08 2.39474e+08 2.39532e+08 2.39707e+08 2.39883e+08 2.39941e+08 2.39999e+08 2.40174e+08 2.4035e+08 2.40408e+08 2.40465e+08 2.40641e+08 2.40816e+08 2.40874e+08 2.40932e+08 2.41108e+08 2.41283e+08 2.41341e+08 2.41399e+08 2.41575e+08 2.4175e+08 2.41808e+08 2.41866e+08 2.42041e+08 2.42217e+08 2.42275e+08 2.42333e+08 2.42508e+08 2.42684e+08 2.42742e+08 2.42799e+08 2.42975e+08 2.43151e+08 2.43208e+08 2.43266e+08 2.43442e+08 2.43617e+08 2.43675e+08 2.43733e+08 2.43909e+08 2.44084e+08 
2.44931e+08 2.4499e+08 2.45172e+08 2.45354e+08 2.45414e+08 2.45474e+08 2.45655e+08 2.45837e+08 2.45897e+08 2.45957e+08 2.46138e+08 2.4632e+08 2.4638e+08 2.4644e+08 2.46622e+08 2.46803e+08 2.46863e+08 2.46923e+08 2.47105e+08 2.47287e+08 2.47347e+08 2.47406e+08 2.47588e+08 2.4777e+08 2.4783e+08 2.4789e+08 2.48071e+08 2.48253e+08 2.48313e+08 2.48373e+08 2.48554e+08 2.48736e+08 2.48796e+08 2.48856e+08 2.49038e+08 2.49219e+08 2.49279e+08 2.49339e+08 2.49521e+08 2.49703e+08 2.49763e+08 2.49822e+08 2.50004e+08 2.50186e+08 2.50246e+08 2.50306e+08 2.50487e+08 2.50669e+08 2.50729e+08 2.50789e+08 2.5097e+08 2.51152e+08 2.51212e+08 2.51272e+08 2.51454e+08 2.51635e+08 2.51695e+08 2.51755e+08 2.51937e+08 2.52119e+08 2.52179e+08 2.52238e+08 2.5242e+08 2.52602e+08 
2.53188e+08 2.5325e+08 2.53438e+08 2.53626e+08 2.53688e+08 2.5375e+08 2.53937e+08 2.54125e+08 2.54187e+08 2.54249e+08 2.54437e+08 2.54625e+08 2.54687e+08 2.54749e+08 2.54937e+08 2.55124e+08 2.55186e+08 2.55248e+08 2.55436e+08 2.55624e+08 2.55686e+08 2.55748e+08 2.55936e+08 2.56124e+08 2.56186e+08 2.56248e+08 2.56435e+08 2.56623e+08 2.56685e+08 2.56747e+08 2.56935e+08 2.57123e+08 2.57185e+08 2.57247e+08 2.57434e+08 2.57622e+08 2.57684e+08 2.57746e+08 2.57934e+08 2.58122e+08 2.58184e+08 2.58246e+08 2.58434e+08 2.58622e+08 2.58683e+08 2.58745e+08 2.58933e+08 2.59121e+08 2.59183e+08 2.59245e+08 2.59433e+08 2.59621e+08 2.59683e+08 2.59745e+08 2.59932e+08 2.6012e+08 2.60182e+08 2.60244e+08 2.60432e+08 2.6062e+08 2.60682e+08 2.60744e+08 2.60932e+08 2.61119e+08 
2.61446e+08 2.6151e+08 2.61704e+08 2.61898e+08 2.61962e+08 2.62026e+08 2.6222e+08 2.62414e+08 2.62478e+08 2.62542e+08 2.62735e+08 2.6293e+08 2.62994e+08 2.63057e+08 2.63251e+08 2.63446e+08 2.6351e+08 2.63573e+08 2.63767e+08 2.63961e+08 2.64025e+08 2.64089e+08 2.64283e+08 2.64477e+08 2.64541e+08 2.64605e+08 2.64799e+08 2.64993e+08 2.65057e+08 2.65121e+08 2.65315e+08 2.65509e+08 2.65573e+08 2.65637e+08 2.65831e+08 2.66025e+08 2.66089e+08 2.66153e+08 2.66347e+08 2.66541e+08 2.66605e+08 2.66669e+08 2.66863e+08 2.67057e+08 2.67121e+08 2.67185e+08 2.67379e+08 2.67573e+08 2.67637e+08 2.67701e+08 2.67895e+08 2.68089e+08 2.68153e+08 2.68217e+08 2.68411e+08 2.68605e+08 2.68669e+08 2.68733e+08 2.68927e+08 2.69121e+08 2.69185e+08 2.69249e+08 2.69443e+08 2.69637e+08 
2.69705e+08 2.69771e+08 2.69971e+08 2.70172e+08 2.70238e+08 2.70304e+08 2.70504e+08 2.70704e+08 2.7077e+08 2.70836e+08 2.71036e+08 2.71236e+08 2.71302e+08 2.71368e+08 2.71568e+08 2.71769e+08 2.71835e+08 2.71901e+08 2.72101e+08 2.72301e+08 2.72367e+08 2.72433e+08 2.72633e+08 2.72833e+08 2.72899e+08 2.72965e+08 2.73165e+08 2.73366e+08 2.73432e+08 2.73498e+08 2.73698e+08 2.73898e+08 2.73964e+08 2.7403e+08 2.7423e+08 2.7443e+08 2.74496e+08 2.74562e+08 2.74763e+08 2.74963e+08 2.75029e+08 2.75095e+08 2.75295e+08 2.75495e+08 2.75561e+08 2.75627e+08 2.75827e+08 2.76027e+08 2.76093e+08 2.76159e+08 2.7636e+08 2.7656e+08 2.76626e+08 2.76692e+08 2.76892e+08 2.77092e+08 2.77158e+08 2.77224e+08 2.77424e+08 2.77624e+08 2.7769e+08 2.77757e+08 2.77957e+08 2.78157e+08 
2.77963e+08 2.78031e+08 2.78237e+08 2.78443e+08 2.78511e+08 2.7858e+08 2.78786e+08 2.78992e+08 2.7906e+08 2.79128e+08 2.79335e+08 2.79541e+08 2.79609e+08 2.79677e+08 2.79883e+08 2.8009e+08 2.80158e+08 2.80226e+08 2.80432e+08 2.80638e+08 2.80706e+08 2.80774e+08 2.80981e+08 2.81187e+08 2.81255e+08 2.81323e+08 2.8153e+08 2.81736e+08 2.81804e+08 2.81872e+08 2.82078e+08 2.82285e+08 2.82353e+08 2.82421e+08 2.82627e+08 2.82833e+08 2.82901e+08 2.82969e+08 2.83176e+08 2.83382e+08 2.8345e+08 2.83518e+08 2.83724e+08 2.83931e+08 2.83999e+08 2.84067e+08 2.84273e+08 2.84479e+08 2.84548e+08 2.84616e+08 2.84822e+08 2.85028e+08 2.85096e+08 2.85164e+08 2.85371e+08 2.85577e+08 2.85645e+08 2.85713e+08 2.85919e+08 2.86126e+08 2.86194e+08 2.86262e+08 2.86468e+08 2.86674e+08 
2.8622e+08 2.8629e+08 2.86503e+08 2.86715e+08 2.86785e+08 2.86856e+08 2.87068e+08 2.8728e+08 2.87351e+08 2.87421e+08 2.87633e+08 2.87846e+08 2.87916e+08 2.87986e+08 2.88198e+08 2.88411e+08 2.88481e+08 2.88551e+08 2.88763e+08 2.88976e+08 2.89046e+08 2.89116e+08 2.89328e+08 2.89541e+08 2.89611e+08 2.89681e+08 2.89894e+08 2.90106e+08 2.90176e+08 2.90246e+08 2.90459e+08 2.90671e+08 2.90741e+08 2.90811e+08 2.91024e+08 2.91236e+08 2.91306e+08 2.91376e+08 2.91589e+08 2.91801e+08 2.91871e+08 2.91942e+08 2.92154e+08 2.92366e+08 2.92437e+08 2.92507e+08 2.92719e+08 2.92932e+08 2.93002e+08 2.93072e+08 2.93284e+08 2.93497e+08 2.93567e+08 2.93637e+08 2.93849e+08 2.94062e+08 2.94132e+08 2.94202e+08 2.94414e+08 2.94627e+08 2.94697e+08 2.94767e+08 2.9498e+08 2.95192e+08 
2.94478e+08 2.9455e+08 2.94769e+08 2.94987e+08 2.95059e+08 2.95131e+08 2.9535e+08 2.95569e+08 2.95641e+08 2.95713e+08 2.95932e+08 2.9615e+08 2.96222e+08 2.96294e+08 2.96513e+08 2.96732e+08 2.96804e+08 2.96876e+08 2.97095e+08 2.97313e+08 2.97385e+08 2.97458e+08 2.97676e+08 2.97895e+08 2.97967e+08 2.98039e+08 2.98258e+08 2.98476e+08 2.98548e+08 2.98621e+08 2.98839e+08 2.99058e+08 2.9913e+08 2.99202e+08 2.99421e+08 2.99639e+08 2.99711e+08 2.99784e+08 3.00002e+08 3.00221e+08 3.00293e+08 3.00365e+08 3.00584e+08 3.00802e+08 3.00874e+08 3.00947e+08 3.01165e+08 3.01384e+08 3.01456e+08 3.01528e+08 3.01747e+08 3.01965e+08 3.02037e+08 3.0211e+08 3.02328e+08 3.02547e+08 3.02619e+08 3.02691e+08 3.0291e+08 3.03128e+08 3.032e+08 3.03273e+08 3.03491e+08 3.0371e+08 
3.02735e+08 3.0281e+08 3.03034e+08 3.03259e+08 3.03333e+08 3.03407e+08 3.03632e+08 3.03857e+08 3.03931e+08 3.04005e+08 3.0423e+08 3.04455e+08 3.04529e+08 3.04603e+08 3.04828e+08 3.05053e+08 3.05127e+08 3.05201e+08 3.05426e+08 3.05651e+08 3.05725e+08 3.05799e+08 3.06024e+08 3.06248e+08 3.06323e+08 3.06397e+08 3.06622e+08 3.06846e+08 3.06921e+08 3.06995e+08 3.07219e+08 3.07444e+08 3.07518e+08 3.07593e+08 3.07817e+08 3.08042e+08 3.08116e+08 3.08191e+08 3.08415e+08 3.0864e+08 3.08714e+08 3.08788e+08 3.09013e+08 3.09238e+08 3.09312e+08 3.09386e+08 3.09611e+08 3.09836e+08 3.0991e+08 3.09984e+08 3.10209e+08 3.10434e+08 3.10508e+08 3.10582e+08 3.10807e+08 3.11032e+08 3.11106e+08 3.1118e+08 3.11405e+08 3.11629e+08 3.11704e+08 3.11778e+08 3.12003e+08 3.12227e+08 
3.10993e+08 3.11069e+08 3.113e+08 3.11531e+08 3.11607e+08 3.11683e+08 3.11914e+08 3.12145e+08 3.12221e+08 3.12298e+08 3.12529e+08 3.12759e+08 3.12836e+08 3.12912e+08 3.13143e+08 3.13374e+08 3.1345e+08 3.13526e+08 3.13757e+08 3.13988e+08 3.14064e+08 3.14141e+08 3.14371e+08 3.14602e+08 3.14679e+08 3.14755e+08 3.14986e+08 3.15217e+08 3.15293e+08 3.15369e+08 3.156e+08 3.15831e+08 3.15907e+08 3.15983e+08 3.16214e+08 3.16445e+08 3.16521e+08 3.16598e+08 3.16828e+08 3.17059e+08 3.17136e+08 3.17212e+08 3.17443e+08 3.17674e+08 3.1775e+08 3.17826e+08 3.18057e+08 3.18288e+08 3.18364e+08 3.1844e+08 3.18671e+08 3.18902e+08 3.18978e+08 3.19055e+08 3.19286e+08 3.19516e+08 3.19593e+08 3.19669e+08 3.199e+08 3.20131e+08 3.20207e+08 3.20283e+08 3.20514e+08 3.20745e+08 
3.1925e+08 3.19329e+08 3.19566e+08 3.19803e+08 3.19881e+08 3.19959e+08 3.20196e+08 3.20433e+08 3.20512e+08 3.2059e+08 3.20827e+08 3.21064e+08 3.21142e+08 3.21221e+08 3.21458e+08 3.21695e+08 3.21773e+08 3.21851e+08 3.22088e+08 3.22325e+08 3.22404e+08 3.22482e+08 3.22719e+08 3.22956e+08 3.23034e+08 3.23113e+08 3.2335e+08 3.23587e+08 3.23665e+08 3.23743e+08 3.2398e+08 3.24217e+08 3.24296e+08 3.24374e+08 3.24611e+08 3.24848e+08 3.24926e+08 3.25005e+08 3.25242e+08 3.25479e+08 3.25557e+08 3.25635e+08 3.25872e+08 3.26109e+08 3.26188e+08 3.26266e+08 3.26503e+08 3.2674e+08 3.26818e+08 3.26897e+08 3.27134e+08 3.27371e+08 3.27449e+08 3.27527e+08 3.27764e+08 3.28001e+08 3.2808e+08 3.28158e+08 3.28395e+08 3.28632e+08 3.2871e+08 3.28789e+08 3.29026e+08 3.29263e+08 
3.27508e+08 3.27588e+08 3.27831e+08 3.28075e+08 3.28155e+08 3.28235e+08 3.28478e+08 3.28722e+08 3.28802e+08 3.28882e+08 3.29126e+08 3.29369e+08 3.29449e+08 3.29529e+08 3.29773e+08 3.30016e+08 3.30096e+08 3.30176e+08 3.3042e+08 3.30663e+08 3.30743e+08 3.30824e+08 3.31067e+08 3.3131e+08 3.3139e+08 3.31471e+08 3.31714e+08 3.31957e+08 3.32037e+08 3.32118e+08 3.32361e+08 3.32604e+08 3.32684e+08 3.32765e+08 3.33008e+08 3.33251e+08 3.33331e+08 3.33412e+08 3.33655e+08 3.33898e+08 3.33978e+08 3.34059e+08 3.34302e+08 3.34545e+08 3.34625e+08 3.34706e+08 3.34949e+08 3.35192e+08 3.35272e+08 3.35353e+08 3.35596e+08 3.35839e+08 3.35919e+08 3.36e+08 3.36243e+08 3.36486e+08 3.36567e+08 3.36647e+08 3.3689e+08 3.37133e+08 3.37214e+08 3.37294e+08 3.37537e+08 3.3778e+08 
3.35766e+08 3.35848e+08 3.36097e+08 3.36346e+08 3.36429e+08 3.36511e+08 3.36761e+08 3.3701e+08 3.37092e+08 3.37175e+08 3.37424e+08 3.37673e+08 3.37756e+08 3.37838e+08 3.38087e+08 3.38337e+08 3.38419e+08 3.38502e+08 3.38751e+08 3.39e+08 3.39083e+08 3.39165e+08 3.39414e+08 3.39664e+08 3.39746e+08 3.39828e+08 3.40078e+08 3.40327e+08 3.40409e+08 3.40492e+08 3.40741e+08 3.4099e+08 3.41073e+08 3.41155e+08 3.41405e+08 3.41654e+08 3.41736e+08 3.41819e+08 3.42068e+08 3.42317e+08 3.424e+08 3.42482e+08 3.42731e+08 3.42981e+08 3.43063e+08 3.43146e+08 3.43395e+08 3.43644e+08 3.43727e+08 3.43809e+08 3.44058e+08 3.44308e+08 3.4439e+08 3.44472e+08 3.44722e+08 3.44971e+08 3.45053e+08 3.45136e+08 3.45385e+08 3.45634e+08 3.45717e+08 3.45799e+08 3.46049e+08 3.46298e+08 
3.44023e+08 3.44107e+08 3.44363e+08 3.44618e+08 3.44703e+08 3.44787e+08 3.45043e+08 3.45298e+08 3.45383e+08 3.45467e+08 3.45723e+08 3.45978e+08 3.46062e+08 3.46147e+08 3.46402e+08 3.46658e+08 3.46742e+08 3.46827e+08 3.47082e+08 3.47338e+08 3.47422e+08 3.47507e+08 3.47762e+08 3.48017e+08 3.48102e+08 3.48186e+08 3.48442e+08 3.48697e+08 3.48782e+08 3.48866e+08 3.49122e+08 3.49377e+08 3.49462e+08 3.49546e+08 3.49801e+08 3.50057e+08 3.50141e+08 3.50226e+08 3.50481e+08 3.50737e+08 3.50821e+08 3.50906e+08 3.51161e+08 3.51416e+08 3.51501e+08 3.51585e+08 3.51841e+08 3.52096e+08 3.52181e+08 3.52265e+08 3.52521e+08 3.52776e+08 3.52861e+08 3.52945e+08 3.532e+08 3.53456e+08 3.5354e+08 3.53625e+08 3.5388e+08 3.54136e+08 3.5422e+08 3.54305e+08 3.5456e+08 3.54815e+08 
3.52281e+08 3.52367e+08 3.52629e+08 3.5289e+08 3.52977e+08 3.53063e+08 3.53325e+08 3.53586e+08 3.53673e+08 3.53759e+08 3.54021e+08 3.54283e+08 3.54369e+08 3.54456e+08 3.54717e+08 3.54979e+08 3.55065e+08 3.55152e+08 3.55413e+08 3.55675e+08 3.55762e+08 3.55848e+08 3.5611e+08 3.56371e+08 3.56458e+08 3.56544e+08 3.56806e+08 3.57067e+08 3.57154e+08 3.5724e+08 3.57502e+08 3.57764e+08 3.5785e+08 3.57937e+08 3.58198e+08 3.5846e+08 3.58546e+08 3.58633e+08 3.58894e+08 3.59156e+08 3.59242e+08 3.59329e+08 3.5959e+08 3.59852e+08 3.59939e+08 3.60025e+08 3.60287e+08 3.60548e+08 3.60635e+08 3.60721e+08 3.60983e+08 3.61245e+08 3.61331e+08 3.61418e+08 3.61679e+08 3.61941e+08 3.62027e+08 3.62114e+08 3.62375e+08 3.62637e+08 3.62723e+08 3.6281e+08 3.63071e+08 3.63333e+08 
3.60538e+08 3.60627e+08 3.60894e+08 3.61162e+08 3.61251e+08 3.61339e+08 3.61607e+08 3.61875e+08 3.61963e+08 3.62052e+08 3.62319e+08 3.62587e+08 3.62676e+08 3.62764e+08 3.63032e+08 3.633e+08 3.63388e+08 3.63477e+08 3.63745e+08 3.64012e+08 3.64101e+08 3.6419e+08 3.64457e+08 3.64725e+08 3.64814e+08 3.64902e+08 3.6517e+08 3.65438e+08 3.65526e+08 3.65615e+08 3.65882e+08 3.6615e+08 3.66239e+08 3.66327e+08 3.66595e+08 3.66863e+08 3.66951e+08 3.6704e+08 3.67308e+08 3.67575e+08 3.67664e+08 3.67752e+08 3.6802e+08 3.68288e+08 3.68376e+08 3.68465e+08 3.68733e+08 3.69e+08 3.69089e+08 3.69178e+08 3.69445e+08 3.69713e+08 3.69802e+08 3.6989e+08 3.70158e+08 3.70426e+08 3.70514e+08 3.70603e+08 3.7087e+08 3.71138e+08 3.71227e+08 3.71315e+08 3.71583e+08 3.71851e+08 
3.68796e+08 3.68886e+08 3.6916e+08 3.69434e+08 3.69525e+08 3.69615e+08 3.69889e+08 3.70163e+08 3.70254e+08 3.70344e+08 3.70618e+08 3.70892e+08 3.70982e+08 3.71073e+08 3.71347e+08 3.71621e+08 3.71711e+08 3.71802e+08 3.72076e+08 3.7235e+08 3.7244e+08 3.72531e+08 3.72805e+08 3.73079e+08 3.73169e+08 3.7326e+08 3.73534e+08 3.73808e+08 3.73898e+08 3.73989e+08 3.74263e+08 3.74537e+08 3.74627e+08 3.74718e+08 3.74992e+08 3.75266e+08 3.75356e+08 3.75447e+08 3.75721e+08 3.75995e+08 3.76085e+08 3.76176e+08 3.7645e+08 3.76724e+08 3.76814e+08 3.76905e+08 3.77179e+08 3.77453e+08 3.77543e+08 3.77634e+08 3.77908e+08 3.78182e+08 3.78272e+08 3.78363e+08 3.78637e+08 3.7891e+08 3.79001e+08 3.79092e+08 3.79365e+08 3.79639e+08 3.7973e+08 3.79821e+08 3.80094e+08 3.80368e+08 
3.77053e+08 3.77146e+08 3.77426e+08 3.77706e+08 3.77798e+08 3.77891e+08 3.78171e+08 3.78451e+08 3.78544e+08 3.78637e+08 3.78916e+08 3.79197e+08 3.79289e+08 3.79382e+08 3.79662e+08 3.79942e+08 3.80035e+08 3.80127e+08 3.80407e+08 3.80687e+08 3.8078e+08 3.80873e+08 3.81153e+08 3.81433e+08 3.81525e+08 3.81618e+08 3.81898e+08 3.82178e+08 3.82271e+08 3.82363e+08 3.82643e+08 3.82923e+08 3.83016e+08 3.83109e+08 3.83389e+08 3.83669e+08 3.83761e+08 3.83854e+08 3.84134e+08 3.84414e+08 3.84507e+08 3.84599e+08 3.84879e+08 3.85159e+08 3.85252e+08 3.85345e+08 3.85625e+08 3.85905e+08 3.85997e+08 3.8609e+08 3.8637e+08 3.8665e+08 3.86743e+08 3.86835e+08 3.87115e+08 3.87395e+08 3.87488e+08 3.87581e+08 3.87861e+08 3.88141e+08 3.88233e+08 3.88326e+08 3.88606e+08 3.88886e+08 
3.85311e+08 3.85405e+08 3.85691e+08 3.85978e+08 3.86072e+08 3.86167e+08 3.86453e+08 3.86739e+08 3.86834e+08 3.86929e+08 3.87215e+08 3.87501e+08 3.87596e+08 3.87691e+08 3.87977e+08 3.88263e+08 3.88358e+08 3.88452e+08 3.88738e+08 3.89025e+08 3.89119e+08 3.89214e+08 3.895e+08 3.89786e+08 3.89881e+08 3.89976e+08 3.90262e+08 3.90548e+08 3.90643e+08 3.90738e+08 3.91024e+08 3.9131e+08 3.91405e+08 3.91499e+08 3.91785e+08 3.92072e+08 3.92166e+08 3.92261e+08 3.92547e+08 3.92833e+08 3.92928e+08 3.93023e+08 3.93309e+08 3.93595e+08 3.9369e+08 3.93784e+08 3.94071e+08 3.94357e+08 3.94451e+08 3.94546e+08 3.94832e+08 3.95118e+08 3.95213e+08 3.95308e+08 3.95594e+08 3.9588e+08 3.95975e+08 3.9607e+08 3.96356e+08 3.96642e+08 3.96737e+08 3.96831e+08 3.97117e+08 3.97404e+08 
3.93568e+08 3.93665e+08 3.93957e+08 3.9425e+08 3.94346e+08 3.94443e+08 3.94735e+08 3.95028e+08 3.95124e+08 3.95221e+08 3.95513e+08 3.95806e+08 3.95903e+08 3.95999e+08 3.96292e+08 3.96584e+08 3.96681e+08 3.96777e+08 3.9707e+08 3.97362e+08 3.97459e+08 3.97556e+08 3.97848e+08 3.9814e+08 3.98237e+08 3.98334e+08 3.98626e+08 3.98918e+08 3.99015e+08 3.99112e+08 3.99404e+08 3.99696e+08 3.99793e+08 3.9989e+08 4.00182e+08 4.00474e+08 4.00571e+08 4.00668e+08 4.0096e+08 4.01253e+08 4.01349e+08 4.01446e+08 4.01738e+08 4.02031e+08 4.02127e+08 4.02224e+08 4.02516e+08 4.02809e+08 4.02906e+08 4.03002e+08 4.03295e+08 4.03587e+08 4.03684e+08 4.0378e+08 4.04073e+08 4.04365e+08 4.04462e+08 4.04559e+08 4.04851e+08 4.05143e+08 4.0524e+08 4.05337e+08 4.05629e+08 4.05921e+08 
4.01826e+08 4.01925e+08 4.02223e+08 4.02521e+08 4.0262e+08 4.02719e+08 4.03017e+08 4.03316e+08 4.03415e+08 4.03514e+08 4.03812e+08 4.0411e+08 4.04209e+08 4.04308e+08 4.04606e+08 4.04905e+08 4.05004e+08 4.05103e+08 4.05401e+08 4.05699e+08 4.05798e+08 4.05897e+08 4.06195e+08 4.06494e+08 4.06593e+08 4.06692e+08 4.0699e+08 4.07288e+08 4.07387e+08 4.07486e+08 4.07784e+08 4.08083e+08 4.08182e+08 4.08281e+08 4.08579e+08 4.08877e+08 4.08976e+08 4.09075e+08 4.09373e+08 4.09672e+08 4.09771e+08 4.0987e+08 4.10168e+08 4.10466e+08 4.10565e+08 4.10664e+08 4.10962e+08 4.11261e+08 4.1136e+08 4.11459e+08 4.11757e+08 4.12055e+08 4.12154e+08 4.12253e+08 4.12551e+08 4.1285e+08 4.12949e+08 4.13048e+08 4.13346e+08 4.13644e+08 4.13743e+08 4.13842e+08 4.1414e+08 4.14439e+08 
4.10083e+08 4.10184e+08 4.10489e+08 4.10793e+08 4.10894e+08 4.10995e+08 4.113e+08 4.11604e+08 4.11705e+08 4.11806e+08 4.1211e+08 4.12415e+08 4.12516e+08 4.12617e+08 4.12921e+08 4.13226e+08 4.13327e+08 4.13428e+08 4.13732e+08 4.14037e+08 4.14138e+08 4.14239e+08 4.14543e+08 4.14848e+08 4.14949e+08 4.15049e+08 4.15354e+08 4.15659e+08 4.15759e+08 4.1586e+08 4.16165e+08 4.1647e+08 4.1657e+08 4.16671e+08 4.16976e+08 4.1728e+08 4.17381e+08 4.17482e+08 4.17787e+08 4.18091e+08 4.18192e+08 4.18293e+08 4.18597e+08 4.18902e+08 4.19003e+08 4.19104e+08 4.19408e+08 4.19713e+08 4.19814e+08 4.19915e+08 4.20219e+08 4.20524e+08 4.20625e+08 4.20726e+08 4.2103e+08 4.21335e+08 4.21436e+08 4.21536e+08 4.21841e+08 4.22146e+08 4.22246e+08 4.22347e+08 4.22652e+08 4.22957e+08 
4.18341e+08 4.18444e+08 4.18754e+08 4.19065e+08 4.19168e+08 4.19271e+08 4.19582e+08 4.19892e+08 4.19995e+08 4.20098e+08 4.20409e+08 4.2072e+08 4.20823e+08 4.20926e+08 4.21236e+08 4.21547e+08 4.2165e+08 4.21753e+08 4.22063e+08 4.22374e+08 4.22477e+08 4.2258e+08 4.22891e+08 4.23202e+08 4.23304e+08 4.23407e+08 4.23718e+08 4.24029e+08 4.24132e+08 4.24235e+08 4.24545e+08 4.24856e+08 4.24959e+08 4.25062e+08 4.25373e+08 4.25683e+08 4.25786e+08 4.25889e+08 4.262e+08 4.26511e+08 4.26614e+08 4.26716e+08 4.27027e+08 4.27338e+08 4.27441e+08 4.27544e+08 4.27854e+08 4.28165e+08 4.28268e+08 4.28371e+08 4.28682e+08 4.28992e+08 4.29095e+08 4.29198e+08 4.29509e+08 4.2982e+08 4.29923e+08 4.30025e+08 4.30336e+08 4.30647e+08 4.3075e+08 4.30853e+08 4.31163e+08 4.31474e+08 
4.26598e+08 4.26703e+08 4.2702e+08 4.27337e+08 4.27442e+08 4.27547e+08 4.27864e+08 4.28181e+08 4.28286e+08 4.28391e+08 4.28707e+08 4.29024e+08 4.29129e+08 4.29234e+08 4.29551e+08 4.29868e+08 4.29973e+08 4.30078e+08 4.30395e+08 4.30712e+08 4.30817e+08 4.30922e+08 4.31238e+08 4.31555e+08 4.3166e+08 4.31765e+08 4.32082e+08 4.32399e+08 4.32504e+08 4.32609e+08 4.32926e+08 4.33243e+08 4.33348e+08 4.33453e+08 4.33769e+08 4.34086e+08 4.34191e+08 4.34296e+08 4.34613e+08 4.3493e+08 4.35035e+08 4.3514e+08 4.35457e+08 4.35774e+08 4.35878e+08 4.35983e+08 4.363e+08 4.36617e+08 4.36722e+08 4.36827e+08 4.37144e+08 4.37461e+08 4.37566e+08 4.37671e+08 4.37988e+08 4.38305e+08 4.38409e+08 4.38514e+08 4.38831e+08 4.39148e+08 4.39253e+08 4.39358e+08 4.39675e+08 4.39992e+08 
4.34856e+08 4.34963e+08 4.35286e+08 4.35609e+08 4.35716e+08 4.35823e+08 4.36146e+08 4.36469e+08 4.36576e+08 4.36683e+08 4.37006e+08 4.37329e+08 4.37436e+08 4.37543e+08 4.37866e+08 4.38189e+08 4.38296e+08 4.38403e+08 4.38726e+08 4.39049e+08 4.39156e+08 4.39263e+08 4.39586e+08 4.39909e+08 4.40016e+08 4.40123e+08 4.40446e+08 4.40769e+08 4.40876e+08 4.40983e+08 4.41306e+08 4.41629e+08 4.41736e+08 4.41843e+08 4.42166e+08 4.42489e+08 4.42596e+08 4.42703e+08 4.43026e+08 4.43349e+08 4.43456e+08 4.43563e+08 4.43886e+08 4.44209e+08 4.44316e+08 4.44423e+08 4.44746e+08 4.45069e+08 4.45176e+08 4.45283e+08 4.45606e+08 4.45929e+08 4.46036e+08 4.46143e+08 4.46466e+08 4.46789e+08 4.46896e+08 4.47003e+08 4.47326e+08 4.47649e+08 4.47756e+08 4.47863e+08 4.48186e+08 4.48509e+08 
4.43113e+08 4.43222e+08 4.43552e+08 4.43881e+08 4.4399e+08 4.44099e+08 4.44428e+08 4.44757e+08 4.44866e+08 4.44975e+08 4.45304e+08 4.45634e+08 4.45743e+08 4.45852e+08 4.46181e+08 4.4651e+08 4.46619e+08 4.46728e+08 4.47057e+08 4.47386e+08 4.47496e+08 4.47605e+08 4.47934e+08 4.48263e+08 4.48372e+08 4.48481e+08 4.4881e+08 4.49139e+08 4.49248e+08 4.49357e+08 4.49687e+08 4.50016e+08 4.50125e+08 4.50234e+08 4.50563e+08 4.50892e+08 4.51001e+08 4.5111e+08 4.51439e+08 4.51769e+08 4.51878e+08 4.51987e+08 4.52316e+08 4.52645e+08 4.52754e+08 4.52863e+08 4.53192e+08 4.53521e+08 4.5363e+08 4.53739e+08 4.54069e+08 4.54398e+08 4.54507e+08 4.54616e+08 4.54945e+08 4.55274e+08 4.55383e+08 4.55492e+08 4.55821e+08 4.56151e+08 4.5626e+08 4.56369e+08 4.56698e+08 4.57027e+08 
4.51371e+08 4.51482e+08 4.51817e+08 4.52153e+08 4.52264e+08 4.52375e+08 4.5271e+08 4.53046e+08 4.53157e+08 4.53268e+08 4.53603e+08 4.53938e+08 4.54049e+08 4.5416e+08 4.54496e+08 4.54831e+08 4.54942e+08 4.55053e+08 4.55389e+08 4.55724e+08 4.55835e+08 4.55946e+08 4.56281e+08 4.56617e+08 4.56728e+08 4.56839e+08 4.57174e+08 4.5751e+08 4.57621e+08 4.57732e+08 4.58067e+08 4.58402e+08 4.58513e+08 4.58624e+08 4.5896e+08 4.59295e+08 4.59406e+08 4.59517e+08 4.59853e+08 4.60188e+08 4.60299e+08 4.6041e+08 4.60745e+08 4.61081e+08 4.61192e+08 4.61303e+08 4.61638e+08 4.61974e+08 4.62085e+08 4.62196e+08 4.62531e+08 4.62866e+08 4.62977e+08 4.63088e+08 4.63424e+08 4.63759e+08 4.6387e+08 4.63981e+08 4.64317e+08 4.64652e+08 4.64763e+08 4.64874e+08 4.65209e+08 4.65545e+08 
4.59629e+08 4.59742e+08 4.60083e+08 4.60425e+08 4.60538e+08 4.60651e+08 4.60992e+08 4.61334e+08 4.61447e+08 4.6156e+08 4.61901e+08 4.62243e+08 4.62356e+08 4.62469e+08 4.62811e+08 4.63152e+08 4.63265e+08 4.63378e+08 4.6372e+08 4.64061e+08 4.64174e+08 4.64288e+08 4.64629e+08 4.6497e+08 4.65084e+08 4.65197e+08 4.65538e+08 4.6588e+08 4.65993e+08 4.66106e+08 4.66447e+08 4.66789e+08 4.66902e+08 4.67015e+08 4.67357e+08 4.67698e+08 4.67811e+08 4.67924e+08 4.68266e+08 4.68607e+08 4.6872e+08 4.68834e+08 4.69175e+08 4.69516e+08 4.6963e+08 4.69743e+08 4.70084e+08 4.70426e+08 4.70539e+08 4.70652e+08 4.70993e+08 4.71335e+08 4.71448e+08 4.71561e+08 4.71902e+08 4.72244e+08 4.72357e+08 4.7247e+08 4.72812e+08 4.73153e+08 4.73266e+08 4.73379e+08 4.73721e+08 4.74062e+08 
4.67886e+08 4.68001e+08 4.68349e+08 4.68696e+08 4.68812e+08 4.68927e+08 4.69274e+08 4.69622e+08 4.69737e+08 4.69852e+08 4.702e+08 4.70548e+08 4.70663e+08 4.70778e+08 4.71126e+08 4.71473e+08 4.71588e+08 4.71704e+08 4.72051e+08 4.72399e+08 4.72514e+08 4.72629e+08 4.72977e+08 4.73324e+08 4.73439e+08 4.73555e+08 4.73902e+08 4.7425e+08 4.74365e+08 4.7448e+08 4.74828e+08 4.75175e+08 4.75291e+08 4.75406e+08 4.75753e+08 4.76101e+08 4.76216e+08 4.76331e+08 4.76679e+08 4.77027e+08 4.77142e+08 4.77257e+08 4.77604e+08 4.77952e+08 4.78067e+08 4.78182e+08 4.7853e+08 4.78878e+08 4.78993e+08 4.79108e+08 4.79456e+08 4.79803e+08 4.79918e+08 4.80034e+08 4.80381e+08 4.80729e+08 4.80844e+08 4.80959e+08 4.81307e+08 4.81654e+08 4.8177e+08 4.81885e+08 4.82232e+08 4.8258e+08 
4.76144e+08 4.76261e+08 4.76614e+08 4.76968e+08 4.77086e+08 4.77203e+08 4.77556e+08 4.7791e+08 4.78028e+08 4.78145e+08 4.78498e+08 4.78852e+08 4.78969e+08 4.79087e+08 4.7944e+08 4.79794e+08 4.79911e+08 4.80029e+08 4.80382e+08 4.80736e+08 4.80853e+08 4.80971e+08 4.81324e+08 4.81678e+08 4.81795e+08 4.81913e+08 4.82266e+08 4.8262e+08 4.82737e+08 4.82854e+08 4.83208e+08 4.83562e+08 4.83679e+08 4.83796e+08 4.8415e+08 4.84504e+08 4.84621e+08 4.84738e+08 4.85092e+08 4.85446e+08 4.85563e+08 4.8568e+08 4.86034e+08 4.86388e+08 4.86505e+08 4.86622e+08 4.86976e+08 4.8733e+08 4.87447e+08 4.87564e+08 4.87918e+08 4.88272e+08 4.88389e+08 4.88506e+08 4.8886e+08 4.89214e+08 4.89331e+08 4.89448e+08 4.89802e+08 4.90156e+08 4.90273e+08 4.9039e+08 4.90744e+08 4.91098e+08 
4.84401e+08 4.8452e+08 4.8488e+08 4.8524e+08 4.85359e+08 4.85479e+08 4.85839e+08 4.86199e+08 4.86318e+08 4.86437e+08 4.86797e+08 4.87157e+08 4.87276e+08 4.87395e+08 4.87755e+08 4.88115e+08 4.88234e+08 4.88354e+08 4.88714e+08 4.89074e+08 4.89193e+08 4.89312e+08 4.89672e+08 4.90032e+08 4.90151e+08 4.9027e+08 4.9063e+08 4.9099e+08 4.91109e+08 4.91229e+08 4.91589e+08 4.91949e+08 4.92068e+08 4.92187e+08 4.92547e+08 4.92907e+08 4.93026e+08 4.93145e+08 4.93505e+08 4.93865e+08 4.93985e+08 4.94104e+08 4.94464e+08 4.94824e+08 4.94943e+08 4.95062e+08 4.95422e+08 4.95782e+08 4.95901e+08 4.9602e+08 4.9638e+08 4.9674e+08 4.96859e+08 4.96979e+08 4.97339e+08 4.97699e+08 4.97818e+08 4.97937e+08 4.98297e+08 4.98657e+08 4.98776e+08 4.98895e+08 4.99255e+08 4.99615e+08 
4.92659e+08 4.9278e+08 4.93146e+08 4.93512e+08 4.93633e+08 4.93755e+08 4.94121e+08 4.94487e+08 4.94608e+08 4.94729e+08 4.95095e+08 4.95461e+08 4.95583e+08 4.95704e+08 4.9607e+08 4.96436e+08 4.96558e+08 4.96679e+08 4.97045e+08 4.97411e+08 4.97532e+08 4.97654e+08 4.9802e+08 4.98386e+08 4.98507e+08 4.98628e+08 4.98994e+08 4.9936e+08 4.99482e+08 4.99603e+08 4.99969e+08 5.00335e+08 5.00456e+08 5.00578e+08 5.00944e+08 5.0131e+08 5.01431e+08 5.01552e+08 5.01918e+08 5.02285e+08 5.02406e+08 5.02527e+08 5.02893e+08 5.03259e+08 5.03381e+08 5.03502e+08 5.03868e+08 5.04234e+08 5.04355e+08 5.04477e+08 5.04843e+08 5.05209e+08 5.0533e+08 5.05451e+08 5.05817e+08 5.06183e+08 5.06305e+08 5.06426e+08 5.06792e+08 5.07158e+08 5.07279e+08 5.07401e+08 5.07767e+08 5.08133e+08 
5.00916e+08 5.0104e+08 5.01412e+08 5.01784e+08 5.01907e+08 5.02031e+08 5.02403e+08 5.02775e+08 5.02898e+08 5.03022e+08 5.03394e+08 5.03766e+08 5.0389e+08 5.04013e+08 5.04385e+08 5.04757e+08 5.04881e+08 5.05004e+08 5.05376e+08 5.05748e+08 5.05872e+08 5.05995e+08 5.06367e+08 5.06739e+08 5.06863e+08 5.06986e+08 5.07358e+08 5.07731e+08 5.07854e+08 5.07977e+08 5.08349e+08 5.08722e+08 5.08845e+08 5.08968e+08 5.0934e+08 5.09713e+08 5.09836e+08 5.09959e+08 5.10332e+08 5.10704e+08 5.10827e+08 5.10951e+08 5.11323e+08 5.11695e+08 5.11818e+08 5.11942e+08 5.12314e+08 5.12686e+08 5.12809e+08 5.12933e+08 5.13305e+08 5.13677e+08 5.13801e+08 5.13924e+08 5.14296e+08 5.14668e+08 5.14792e+08 5.14915e+08 5.15287e+08 5.15659e+08 5.15783e+08 5.15906e+08 5.16278e+08 5.1665e+08 
5.09174e+08 5.09299e+08 5.09677e+08 5.10056e+08 5.10181e+08 5.10307e+08 5.10685e+08 5.11063e+08 5.11189e+08 5.11314e+08 5.11692e+08 5.12071e+08 5.12196e+08 5.12322e+08 5.127e+08 5.13078e+08 5.13204e+08 5.13329e+08 5.13707e+08 5.14086e+08 5.14211e+08 5.14337e+08 5.14715e+08 5.15093e+08 5.15219e+08 5.15344e+08 5.15722e+08 5.16101e+08 5.16226e+08 5.16352e+08 5.1673e+08 5.17108e+08 5.17234e+08 5.17359e+08 5.17737e+08 5.18116e+08 5.18241e+08 5.18367e+08 5.18745e+08 5.19123e+08 5.19249e+08 5.19374e+08 5.19752e+08 5.20131e+08 5.20256e+08 5.20382e+08 5.2076e+08 5.21138e+08 5.21264e+08 5.21389e+08 5.21767e+08 5.22146e+08 5.22271e+08 5.22396e+08 5.22775e+08 5.23153e+08 5.23279e+08 5.23404e+08 5.23782e+08 5.24161e+08 5.24286e+08 5.24411e+08 5.2479e+08 5.25168e+08 
5.17431e+08 5.17559e+08 5.17943e+08 5.18328e+08 5.18455e+08 5.18583e+08 5.18967e+08 5.19352e+08 5.19479e+08 5.19606e+08 5.19991e+08 5.20375e+08 5.20503e+08 5.2063e+08 5.21015e+08 5.21399e+08 5.21527e+08 5.21654e+08 5.22039e+08 5.22423e+08 5.22551e+08 5.22678e+08 5.23062e+08 5.23447e+08 5.23575e+08 5.23702e+08 5.24086e+08 5.24471e+08 5.24598e+08 5.24726e+08 5.2511e+08 5.25495e+08 5.25622e+08 5.2575e+08 5.26134e+08 5.26519e+08 5.26646e+08 5.26774e+08 5.27158e+08 5.27543e+08 5.2767e+08 5.27797e+08 5.28182e+08 5.28566e+08 5.28694e+08 5.28821e+08 5.29206e+08 5.2959e+08 5.29718e+08 5.29845e+08 5.3023e+08 5.30614e+08 5.30742e+08 5.30869e+08 5.31253e+08 5.31638e+08 5.31766e+08 5.31893e+08 5.32277e+08 5.32662e+08 5.32789e+08 5.32917e+08 5.33301e+08 5.33686e+08 
5.25689e+08 5.25818e+08 5.26209e+08 5.266e+08 5.26729e+08 5.26859e+08 5.27249e+08 5.2764e+08 5.27769e+08 5.27899e+08 5.28289e+08 5.2868e+08 5.2881e+08 5.28939e+08 5.2933e+08 5.2972e+08 5.2985e+08 5.29979e+08 5.3037e+08 5.30761e+08 5.3089e+08 5.3102e+08 5.3141e+08 5.31801e+08 5.3193e+08 5.3206e+08 5.3245e+08 5.32841e+08 5.32971e+08 5.331e+08 5.33491e+08 5.33881e+08 5.34011e+08 5.3414e+08 5.34531e+08 5.34922e+08 5.35051e+08 5.35181e+08 5.35571e+08 5.35962e+08 5.36091e+08 5.36221e+08 5.36611e+08 5.37002e+08 5.37132e+08 5.37261e+08 5.37652e+08 5.38042e+08 5.38172e+08 5.38301e+08 5.38692e+08 5.39083e+08 5.39212e+08 5.39342e+08 5.39732e+08 5.40123e+08 5.40252e+08 5.40382e+08 5.40772e+08 5.41163e+08 5.41293e+08 5.41422e+08 5.41813e+08 5.42203e+08 
